Accuracy on validation set: 98.05

              precision    recall  f1-score   support

         1.0       0.98      0.97      0.98      8333
         2.0       0.95      0.96      0.95      8333
         3.0       0.98      0.96      0.97      8333
         4.0       0.99      0.99      0.99      8333
         5.0       0.99      0.99      0.99      8333
         6.0       1.00      1.00      1.00      8333

    accuracy                           0.98     49998
   macro avg       0.98      0.98      0.98     49998
weighted avg       0.98      0.98      0.98     49998

Confusion Matrix:
[[8118  193   22    0    0    0]
 [ 136 8031  165    0    0    1]
 [  39  263 8031    0    0    0]
 [   0    0    0 8268   65    0]
 [   0    0    0   84 8249    0]
 [   0    0    2    5    0 8326]]