Accuracy on validation set: 99.91

              precision    recall  f1-score   support

         1.0       1.00      1.00      1.00      8333
         2.0       1.00      1.00      1.00      8333
         3.0       1.00      1.00      1.00      8333
         4.0       1.00      1.00      1.00      8333
         5.0       1.00      1.00      1.00      8333
         6.0       1.00      1.00      1.00      8333

    accuracy                           1.00     49998
   macro avg       1.00      1.00      1.00     49998
weighted avg       1.00      1.00      1.00     49998

Confusion Matrix:
[[8328    5    0    0    0    0]
 [   6 8325    2    0    0    0]
 [   1   27 8305    0    0    0]
 [   0    0    0 8332    1    0]
 [   0    0    0    2 8331    0]
 [   0    0    0    0    0 8333]]