Accuracy on validation set: 99.96

              precision    recall  f1-score   support

         1.0       1.00      1.00      1.00     10033
         2.0       1.00      1.00      1.00      9950
         3.0       1.00      1.00      1.00     10195
         4.0       1.00      1.00      1.00      9931
         5.0       1.00      1.00      1.00      9918
         6.0       1.00      1.00      1.00      9973

    accuracy                           1.00     60000
   macro avg       1.00      1.00      1.00     60000
weighted avg       1.00      1.00      1.00     60000

Confusion Matrix:
[[10019    14     0     0     0     0]
 [    2  9948     0     0     0     0]
 [    1     0 10194     0     0     0]
 [    0     0     0  9931     0     0]
 [    0     0     0     7  9911     0]
 [    0     0     0     0     0  9973]]