Accuracy on validation set: 95.58

              precision    recall  f1-score   support

        -1.0       0.93      0.99      0.96     30015
         1.0       0.99      0.94      0.96      4965
         2.0       0.92      0.90      0.91      4947
         3.0       0.99      0.90      0.95      4949
         4.0       0.99      0.95      0.97      5102
         5.0       1.00      0.97      0.99      5042
         6.0       1.00      0.85      0.92      4980

    accuracy                           0.96     60000
   macro avg       0.98      0.93      0.95     60000
weighted avg       0.96      0.96      0.96     60000

Confusion Matrix:
[[29769     1   245     0     0     0     0]
 [  198  4666    95     6     0     0     0]
 [  415    42  4473    17     0     0     0]
 [  405     7    74  4463     0     0     0]
 [  232     0     0     0  4861     9     0]
 [  109     0     0     0    27  4906     0]
 [  770     0     0     0     0     0  4210]]