Accuracy on validation set: 74.01

              precision    recall  f1-score   support

        -1.0       0.98      0.51      0.67     30076
         1.0       0.52      0.97      0.68      5006
         2.0       0.43      0.95      0.59      4992
         3.0       0.63      0.95      0.76      4922
         4.0       0.97      0.99      0.98      4987
         5.0       0.99      0.99      0.99      5023
         6.0       0.75      0.96      0.84      4994

    accuracy                           0.74     60000
   macro avg       0.75      0.90      0.79     60000
weighted avg       0.85      0.74      0.74     60000

Confusion Matrix:
[[15421  4354  5982  2614   111     0  1594]
 [   35  4853    97    21     0     0     0]
 [   47    76  4763   106     0     0     0]
 [   23    26   220  4653     0     0     0]
 [   26     0     0     0  4920    41     0]
 [   17     0     0     0    25  4980     1]
 [  179     0     0     0     1     0  4814]]