Accuracy on validation set: 48.51

              precision    recall  f1-score   support

        -1.0       0.40      0.02      0.03     49998
         1.0       0.42      0.96      0.58      8333
         2.0       0.34      0.94      0.50      8333
         3.0       0.60      0.91      0.72      8333
         4.0       0.55      0.96      0.70      8333
         5.0       0.98      0.99      0.98      8333
         6.0       0.40      0.95      0.56      8333

    accuracy                           0.49     99996
   macro avg       0.53      0.82      0.58     99996
weighted avg       0.48      0.49      0.35     99996

Confusion Matrix:
[[  817 11036 14966  4819  6377   116 11867]
 [  127  8000   159    47     0     0     0]
 [  128   156  7867   182     0     0     0]
 [  343    57   350  7583     0     0     0]
 [  233     0     0     0  8023    77     0]
 [    6     0     0     0    55  8271     1]
 [  374     0     4     1     6     1  7947]]