Accuracy on validation set: 97.78

              precision    recall  f1-score   support

         1.0       0.97      0.98      0.98      8333
         2.0       0.94      0.96      0.95      8333
         3.0       0.97      0.95      0.96      8333
         4.0       0.99      0.99      0.99      8333
         5.0       0.99      0.99      0.99      8333
         6.0       1.00      1.00      1.00      8333

    accuracy                           0.98     49998
   macro avg       0.98      0.98      0.98     49998
weighted avg       0.98      0.98      0.98     49998

Confusion Matrix:
[[8128  163   42    0    0    0]
 [ 161 8000  172    0    0    0]
 [  50  379 7904    0    0    0]
 [   0    0    0 8250   83    0]
 [   0    0    0   50 8282    1]
 [   0    2    1    5    1 8324]]