Accuracy on validation set: 87.44

              precision    recall  f1-score   support

        -1.0       0.80      1.00      0.89     29969
         1.0       1.00      0.75      0.86      5060
         2.0       0.98      0.59      0.74      5028
         3.0       1.00      0.67      0.80      4947
         4.0       1.00      0.82      0.90      4944
         5.0       1.00      0.94      0.97      4971
         6.0       1.00      0.72      0.84      5081

    accuracy                           0.87     60000
   macro avg       0.97      0.79      0.86     60000
weighted avg       0.90      0.87      0.87     60000

Confusion Matrix:
[[29969     0     0     0     0     0     0]
 [ 1251  3789    18     2     0     0     0]
 [ 2051     0  2976     1     0     0     0]
 [ 1571     3    42  3331     0     0     0]
 [  854     0     0     0  4078    12     0]
 [  294     0     0     0     9  4668     0]
 [ 1428     0     0     0     0     0  3653]]