Accuracy on validation set: 94.69

              precision    recall  f1-score   support

         1.0       0.95      0.93      0.94     10000
         2.0       0.90      0.93      0.91     10000
         3.0       0.95      0.94      0.94     10000
         4.0       0.96      0.92      0.94     10000
         5.0       0.92      0.96      0.94     10000
         6.0       1.00      1.00      1.00     10000

    accuracy                           0.95     60000
   macro avg       0.95      0.95      0.95     60000
weighted avg       0.95      0.95      0.95     60000

Confusion Matrix:
[[ 9319   543   138     0     0     0]
 [  343  9258   398     1     0     0]
 [  105   472  9421     2     0     0]
 [    2     0     0  9213   785     0]
 [    0     0     0   398  9602     0]
 [    0     0     0     0     0 10000]]