Accuracy on validation set: 99.93

              precision    recall  f1-score   support

         1.0       1.00      1.00      1.00     10005
         2.0       1.00      1.00      1.00     10049
         3.0       1.00      1.00      1.00      9909
         4.0       1.00      1.00      1.00      9997
         5.0       1.00      1.00      1.00      9993
         6.0       1.00      1.00      1.00     10047

    accuracy                           1.00     60000
   macro avg       1.00      1.00      1.00     60000
weighted avg       1.00      1.00      1.00     60000

Confusion Matrix:
[[10004     1     0     0     0     0]
 [    0 10049     0     0     0     0]
 [    0     0  9909     0     0     0]
 [    0     0     0  9997     0     0]
 [    0     0     0     0  9993     0]
 [    5     2    10    24     0 10006]]