Accuracy on validation set: 93.41

              precision    recall  f1-score   support

         1.0       0.94      0.93      0.93     10000
         2.0       0.91      0.90      0.90     10000
         3.0       0.92      0.94      0.93     10000
         4.0       0.88      0.97      0.92     10000
         5.0       0.97      0.86      0.91     10000
         6.0       1.00      1.00      1.00     10000

    accuracy                           0.93     60000
   macro avg       0.94      0.93      0.93     60000
weighted avg       0.94      0.93      0.93     60000

Confusion Matrix:
[[ 9296   512   192     0     0     0]
 [  436  8957   604     0     0     3]
 [  174   380  9445     0     0     1]
 [    3     0     0  9738   259     0]
 [    1     0     0  1386  8612     1]
 [    0     0     0     0     0 10000]]