Accuracy on validation set: 62.04

              precision    recall  f1-score   support

        -1.0       0.96      0.27      0.42     29976
         1.0       0.57      0.96      0.71      5029
         2.0       0.38      0.94      0.54      4975
         3.0       0.69      0.94      0.80      4998
         4.0       0.70      0.99      0.82      4943
         5.0       0.99      0.99      0.99      5054
         6.0       0.41      0.99      0.58      5025

    accuracy                           0.62     60000
   macro avg       0.67      0.87      0.70     60000
weighted avg       0.79      0.62      0.58     60000

Confusion Matrix:
[[8153 3593 7205 1951 2046   12 7016]
 [  74 4828  101   26    0    0    0]
 [ 153   73 4653   96    0    0    0]
 [  47   29  206 4716    0    0    0]
 [   5    0    0    0 4898   40    0]
 [   4    0    0    0   42 5007    1]
 [  53    0    0    0    2    0 4970]]