Accuracy on validation set: 97.76

              precision    recall  f1-score   support

         1.0       0.97      0.97      0.97      8333
         2.0       0.94      0.96      0.95      8333
         3.0       0.97      0.95      0.96      8333
         4.0       0.99      0.99      0.99      8333
         5.0       0.99      0.99      0.99      8333
         6.0       1.00      1.00      1.00      8333

    accuracy                           0.98     49998
   macro avg       0.98      0.98      0.98     49998
weighted avg       0.98      0.98      0.98     49998

Confusion Matrix:
[[8123  161   49    0    0    0]
 [ 162 7987  184    0    0    0]
 [  57  357 7919    0    0    0]
 [   0    0    0 8256   77    0]
 [   0    0    0   57 8275    1]
 [   0    4    1    7    1 8320]]