Accuracy on validation set: 97.73

              precision    recall  f1-score   support

         1.0       0.98      0.97      0.98      8333
         2.0       0.94      0.96      0.95      8333
         3.0       0.97      0.95      0.96      8333
         4.0       0.99      0.99      0.99      8333
         5.0       0.99      0.99      0.99      8333
         6.0       1.00      1.00      1.00      8333

    accuracy                           0.98     49998
   macro avg       0.98      0.98      0.98     49998
weighted avg       0.98      0.98      0.98     49998

Confusion Matrix:
[[8097  185   49    0    0    2]
 [ 121 8014  197    0    0    1]
 [  51  366 7916    0    0    0]
 [   1    0    0 8263   67    2]
 [   0    0    0   87 8244    2]
 [   0    1    0    1    1 8330]]