Accuracy on validation set: 94.04

              precision    recall  f1-score   support

        -1.0       0.89      1.00      0.94     29942
         1.0       1.00      0.89      0.94      5026
         2.0       0.98      0.89      0.94      5021
         3.0       1.00      0.86      0.93      4924
         4.0       1.00      0.89      0.94      5047
         5.0       1.00      0.89      0.94      5005
         6.0       1.00      0.87      0.93      5035

    accuracy                           0.94     60000
   macro avg       0.98      0.90      0.94     60000
weighted avg       0.95      0.94      0.94     60000

Confusion Matrix:
[[29873     0    69     0     0     0     0]
 [  541  4484     1     0     0     0     0]
 [  546     1  4474     0     0     0     0]
 [  673     0     0  4251     0     0     0]
 [  567     0     0     0  4480     0     0]
 [  544     0     0     0     0  4461     0]
 [  636     0     0     0     0     0  4399]]