Accuracy on validation set: 97.10

              precision    recall  f1-score   support

         1.0       0.99      0.95      0.97      8333
         2.0       0.90      0.98      0.94      8333
         3.0       0.98      0.93      0.95      8333
         4.0       0.98      0.99      0.99      8333
         5.0       0.99      0.98      0.99      8333
         6.0       1.00      1.00      1.00      8333

    accuracy                           0.97     49998
   macro avg       0.97      0.97      0.97     49998
weighted avg       0.97      0.97      0.97     49998

Confusion Matrix:
[[7884  403   46    0    0    0]
 [  55 8140  138    0    0    0]
 [  34  522 7777    0    0    0]
 [   0    0    0 8270   61    2]
 [   0    0    0  182 8148    3]
 [   0    1    0    2    0 8330]]