Accuracy on validation set: 64.84

              precision    recall  f1-score   support

        -1.0       0.97      0.32      0.49     29877
         1.0       0.50      0.97      0.66      5053
         2.0       0.36      0.94      0.52      5026
         3.0       0.67      0.95      0.78      5000
         4.0       0.92      0.99      0.96      5002
         5.0       0.99      0.99      0.99      4981
         6.0       0.51      0.98      0.67      5061

    accuracy                           0.65     60000
   macro avg       0.70      0.88      0.72     60000
weighted avg       0.81      0.65      0.63     60000

Confusion Matrix:
[[9707 4838 7988 2204  364    1 4775]
 [  44 4878  100   31    0    0    0]
 [  81   92 4731  122    0    0    0]
 [  16   30  202 4752    0    0    0]
 [  17    0    0    0 4945   40    0]
 [  15    0    0    0   39 4926    1]
 [  95    0    0    0    2    0 4964]]