Accuracy on validation set: 95.34

              precision    recall  f1-score   support

        -1.0       0.96      0.96      0.96     30120
         1.0       0.98      0.96      0.97      4966
         2.0       0.77      0.95      0.85      4960
         3.0       0.98      0.94      0.96      4958
         4.0       0.99      0.98      0.98      4948
         5.0       1.00      0.98      0.99      4987
         6.0       1.00      0.90      0.95      5061

    accuracy                           0.95     60000
   macro avg       0.95      0.95      0.95     60000
weighted avg       0.96      0.95      0.95     60000

Confusion Matrix:
[[28822    19  1219    60     0     0     0]
 [  112  4757    93     4     0     0     0]
 [  189    62  4688    21     0     0     0]
 [  208     9    97  4644     0     0     0]
 [  102     0     0     0  4825    21     0]
 [   57     0     0     0    27  4903     0]
 [  493     0     0     0     0     0  4568]]