Accuracy on validation set: 91.22

              precision    recall  f1-score   support

        -1.0       0.85      1.00      0.92     29997
         1.0       1.00      0.84      0.91      5018
         2.0       1.00      0.82      0.90      4984
         3.0       1.00      0.81      0.89      4974
         4.0       1.00      0.82      0.90      5011
         5.0       1.00      0.84      0.91      5022
         6.0       1.00      0.83      0.91      4994

    accuracy                           0.91     60000
   macro avg       0.98      0.85      0.91     60000
weighted avg       0.93      0.91      0.91     60000

Confusion Matrix:
[[29988     0     9     0     0     0     0]
 [  823  4193     2     0     0     0     0]
 [  904     0  4080     0     0     0     0]
 [  948     0     0  4026     0     0     0]
 [  895     0     0     0  4116     0     0]
 [  824     0     0     0     0  4198     0]
 [  865     0     0     0     0     0  4129]]