Accuracy on validation set: 99.37

              precision    recall  f1-score   support

         1.0       1.00      1.00      1.00      9960
         2.0       1.00      1.00      1.00     10011
         3.0       1.00      1.00      1.00     10229
         4.0       1.00      0.97      0.98     10010
         5.0       0.97      1.00      0.98      9895
         6.0       1.00      0.99      1.00      9895

    accuracy                           0.99     60000
   macro avg       0.99      0.99      0.99     60000
weighted avg       0.99      0.99      0.99     60000

Confusion Matrix:
[[ 9957     3     0     0     0     0]
 [    0 10010     1     0     0     0]
 [    0     0 10229     0     0     0]
 [    0     0     0  9703   307     0]
 [    0     0     0     1  9894     0]
 [    5     1    15    44     0  9830]]