Accuracy on validation set: 98.96

              precision    recall  f1-score   support

         1.0       0.99      0.98      0.98      8333
         2.0       0.96      0.99      0.98      8333
         3.0       1.00      0.99      0.99      8333
         4.0       0.99      1.00      0.99      8333
         5.0       1.00      0.99      0.99      8333
         6.0       1.00      1.00      1.00      8333

    accuracy                           0.99     49998
   macro avg       0.99      0.99      0.99     49998
weighted avg       0.99      0.99      0.99     49998

Confusion Matrix:
[[8129  193   11    0    0    0]
 [  67 8237   29    0    0    0]
 [   8  109 8216    0    0    0]
 [   0    0    0 8303   30    0]
 [   0    0    0   71 8262    0]
 [   0    0    0    0    0 8333]]