Accuracy on validation set: 92.55

              precision    recall  f1-score   support

        -1.0       0.96      0.91      0.93     29958
         1.0       0.96      0.95      0.96      4989
         2.0       0.63      0.93      0.75      5013
         3.0       0.96      0.91      0.93      5029
         4.0       0.99      0.97      0.98      5020
         5.0       1.00      0.98      0.99      5019
         6.0       1.00      0.90      0.95      4972

    accuracy                           0.93     60000
   macro avg       0.93      0.94      0.93     60000
weighted avg       0.94      0.93      0.93     60000

Confusion Matrix:
[[27269   115  2461   112     1     0     0]
 [  127  4750    92    19     0     0     1]
 [  236    42  4659    76     0     0     0]
 [  197    28   208  4596     0     0     0]
 [  129     0     0     0  4869    22     0]
 [   81     0     0     0    27  4911     0]
 [  493     0     0     0     0     0  4479]]