Accuracy on validation set: 92.51

              precision    recall  f1-score   support

        -1.0       0.91      0.95      0.93     30109
         1.0       0.98      0.90      0.94      5045
         2.0       0.73      0.84      0.78      4939
         3.0       0.98      0.87      0.93      4967
         4.0       1.00      0.94      0.97      4961
         5.0       1.00      0.96      0.98      5018
         6.0       1.00      0.86      0.92      4961

    accuracy                           0.93     60000
   macro avg       0.94      0.90      0.92     60000
weighted avg       0.93      0.93      0.93     60000

Confusion Matrix:
[[28751    13  1335    10     0     0     0]
 [  407  4550    72    16     0     0     0]
 [  726    41  4131    41     0     0     0]
 [  460    18   146  4343     0     0     0]
 [  273     0     0     0  4672    16     0]
 [  196     0     0     0    17  4805     0]
 [  705     0     0     0     0     0  4256]]