Accuracy on validation set: 98.63

              precision    recall  f1-score   support

         1.0       0.99      0.97      0.98      8333
         2.0       0.95      0.99      0.97      8333
         3.0       0.99      0.97      0.98      8333
         4.0       0.99      1.00      0.99      8333
         5.0       1.00      0.99      0.99      8333
         6.0       1.00      1.00      1.00      8333

    accuracy                           0.99     49998
   macro avg       0.99      0.99      0.99     49998
weighted avg       0.99      0.99      0.99     49998

Confusion Matrix:
[[8123  188   22    0    0    0]
 [  56 8210   67    0    0    0]
 [  18  229 8086    0    0    0]
 [   0    0    0 8305   28    0]
 [   0    0    0   77 8254    2]
 [   0    0    0    0    0 8333]]