Accuracy on validation set: 98.42

              precision    recall  f1-score   support

         1.0       0.98      0.97      0.98      8333
         2.0       0.96      0.97      0.96      8333
         3.0       0.99      0.98      0.98      8333
         4.0       0.99      0.99      0.99      8333
         5.0       0.99      0.99      0.99      8333
         6.0       1.00      1.00      1.00      8333

    accuracy                           0.98     49998
   macro avg       0.98      0.98      0.98     49998
weighted avg       0.98      0.98      0.98     49998

Confusion Matrix:
[[8114  203   16    0    0    0]
 [ 148 8090   95    0    0    0]
 [  22  161 8150    0    0    0]
 [   0    0    0 8271   62    0]
 [   0    0    0   80 8253    0]
 [   0    0    1    0    0 8332]]