Accuracy on validation set: 97.38

              precision    recall  f1-score   support

         1.0       0.97      0.98      0.97      8333
         2.0       0.94      0.94      0.94      8333
         3.0       0.96      0.95      0.96      8333
         4.0       0.99      0.99      0.99      8333
         5.0       0.99      0.99      0.99      8333
         6.0       1.00      1.00      1.00      8333

    accuracy                           0.97     49998
   macro avg       0.97      0.97      0.97     49998
weighted avg       0.97      0.97      0.97     49998

Confusion Matrix:
[[8127  163   43    0    0    0]
 [ 196 7873  264    0    0    0]
 [  76  336 7921    0    0    0]
 [   0    0    0 8228  105    0]
 [   0    0    0  115 8218    0]
 [   2    0    3    9    0 8319]]