Accuracy on validation set: 99.20

              precision    recall  f1-score   support

         1.0       0.98      0.98      0.98      8333
         2.0       0.99      0.98      0.98      8333
         3.0       0.99      1.00      0.99      8333
         4.0       0.99      1.00      1.00      8333
         5.0       1.00      0.99      1.00      8333
         6.0       1.00      1.00      1.00      8333

    accuracy                           0.99     49998
   macro avg       0.99      0.99      0.99     49998
weighted avg       0.99      0.99      0.99     49998

Confusion Matrix:
[[8201   88   44    0    0    0]
 [ 130 8156   47    0    0    0]
 [  12   11 8310    0    0    0]
 [   0    0    0 8314   19    0]
 [   0    0    0   48 8285    0]
 [   0    0    0    0    0 8333]]