Accuracy on validation set: 84.24

              precision    recall  f1-score   support

        -1.0       0.95      0.74      0.83     29881
         1.0       0.79      0.94      0.86      4949
         2.0       0.46      0.92      0.61      5011
         3.0       0.75      0.93      0.83      5035
         4.0       0.99      0.97      0.98      5074
         5.0       0.99      0.98      0.99      4998
         6.0       1.00      0.91      0.95      5052

    accuracy                           0.84     60000
   macro avg       0.85      0.91      0.87     60000
weighted avg       0.89      0.84      0.85     60000

Confusion Matrix:
[[22179  1112  5145  1430    14     0     1]
 [  202  4653    77    17     0     0     0]
 [  250    66  4605    90     0     0     0]
 [  125    29   189  4692     0     0     0]
 [  113     0     0     0  4926    35     0]
 [   77     0     0     0    25  4896     0]
 [  457     0     1     0     0     0  4594]]