Accuracy on validation set: 97.09

              precision    recall  f1-score   support

         1.0       0.98      0.96      0.97      8333
         2.0       0.92      0.96      0.93      8333
         3.0       0.96      0.94      0.95      8333
         4.0       0.98      0.99      0.99      8333
         5.0       0.99      0.98      0.99      8333
         6.0       1.00      1.00      1.00      8333

    accuracy                           0.97     49998
   macro avg       0.97      0.97      0.97     49998
weighted avg       0.97      0.97      0.97     49998

Confusion Matrix:
[[7976  294   63    0    0    0]
 [ 122 7959  251    0    0    1]
 [  53  444 7836    0    0    0]
 [   0    0    0 8249   84    0]
 [   0    0    0  129 8203    1]
 [   0    1    3    9    0 8320]]