Accuracy on validation set: 89.65

              precision    recall  f1-score   support

        -1.0       0.94      0.86      0.90     30063
         1.0       0.91      0.93      0.92      4978
         2.0       0.54      0.89      0.67      4913
         3.0       0.93      0.91      0.92      4986
         4.0       0.99      0.97      0.98      5003
         5.0       0.99      0.98      0.99      5009
         6.0       1.00      0.90      0.95      5048

    accuracy                           0.90     60000
   macro avg       0.90      0.92      0.90     60000
weighted avg       0.92      0.90      0.90     60000

Confusion Matrix:
[[25904   362  3526   261    10     0     0]
 [  233  4654    71    20     0     0     0]
 [  400    56  4389    68     0     0     0]
 [  254    25   177  4530     0     0     0]
 [  137     0     0     0  4840    26     0]
 [   78     0     0     0    22  4909     0]
 [  483     0     0     0     0     0  4565]]