Accuracy on validation set: 99.69

              precision    recall  f1-score   support

         1.0       1.00      1.00      1.00     10120
         2.0       1.00      1.00      1.00      9930
         3.0       1.00      1.00      1.00     10028
         4.0       1.00      0.98      0.99      9861
         5.0       0.98      1.00      0.99     10134
         6.0       1.00      1.00      1.00      9927

    accuracy                           1.00     60000
   macro avg       1.00      1.00      1.00     60000
weighted avg       1.00      1.00      1.00     60000

Confusion Matrix:
[[10116     4     0     0     0     0]
 [    1  9929     0     0     0     0]
 [    0     0 10028     0     0     0]
 [    0     0     0  9693   168     0]
 [    0     0     0    13 10121     0]
 [    0     0     0     1     0  9926]]