Accuracy on validation set: 90.09

              precision    recall  f1-score   support

        -1.0       0.95      0.86      0.91     30063
         1.0       0.89      0.93      0.91      4989
         2.0       0.61      0.87      0.71      5025
         3.0       0.92      0.90      0.91      5036
         4.0       0.93      0.99      0.96      4950
         5.0       0.99      0.99      0.99      4955
         6.0       0.92      0.95      0.94      4982

    accuracy                           0.90     60000
   macro avg       0.89      0.93      0.90     60000
weighted avg       0.91      0.90      0.90     60000

Confusion Matrix:
[[25977   472  2568   304   348     0   394]
 [  264  4632    80    13     0     0     0]
 [  535    65  4355    70     0     0     0]
 [  293    26   177  4540     0     0     0]
 [   16     0     0     0  4888    46     0]
 [    9     0     0     0    34  4912     0]
 [  229     0     0     0     1     0  4752]]