Accuracy on validation set: 48.70

              precision    recall  f1-score   support

        -1.0       0.48      0.08      0.13     49998
         1.0       0.41      0.92      0.57      8333
         2.0       0.34      0.90      0.49      8333
         3.0       0.59      0.83      0.69      8333
         4.0       0.60      0.89      0.72      8333
         5.0       0.98      0.98      0.98      8333
         6.0       0.38      0.86      0.53      8333

    accuracy                           0.49     99996
   macro avg       0.54      0.78      0.59     99996
weighted avg       0.52      0.49      0.40     99996

Confusion Matrix:
[[ 3810 10764 14264  4677  4842   107 11534]
 [  433  7707   147    46     0     0     0]
 [  512   148  7504   169     0     0     0]
 [ 1027    54   332  6920     0     0     0]
 [  829     0     0     0  7428    76     0]
 [   90     0     0     0    52  8190     1]
 [ 1181     0     4     0     4     1  7143]]